000000000000001001001000011000001110001000001011001000
000000000000001001001000011000001110001000001110001000
000000000000001001001000011001000001001001010010001100
000000000000001001001000011001000001001001100010001010
000000000000001001001000011001000001001001100010001100
000000000000001001001000011001000001010001010010001100
000000000000001001001000011001000001010001010100001100
000000000000001001001000011001000001010001100010001100
000000000000001001001000011001000001010001100100001100
000000000000001001001000110000001011001000001011001000
000000000000001001001000110000001011001000001110001000
000000000000001001001000110000001110001000001011001000
000000000000001001001001001000001001001000110001110000
000000000000001001001001001000001001001010010001010010
000000000000001001001001001000001001001010010001010100
000000000000001001001001001000001001001010010001100100
000000000000001001001001010000001001001000101001110000
000000000000001001001001010000001001001010001001010010
000000000000001001001001010000001001001010001001010100
000000000000001001001001010000001001001010001001100010
000000000000001001001001010000001001001010001001100100
000000000000001001001001010000001001001010010001010100
000000000000001001001001010000001001001010010001100100
000000000000001001001001010000001001001010100001010100
000000000000001001001001010000001001001010100001100100
000000000000001011001001001000001000000010011001010010
000000000000001011001001001000001000000010011001010100
000000000000001011001001001000001000000010011001100010
000000000000001011001001001000001000000010011001100100
000000000000001011001001001000001000000010101001010010
000000000000001011001001001000001000000010101001010100
000000000000001011001001001000001000000010101001100010
000000000000001011001001001000001000000010101001100100
000000000000001011001001001000001000000010110001010001
000000000000001011001001001000001000000010110001010010
000000000000001011001001001000001000000010110001010100
000000000000001011001001001000001000000010110001100001
000000000000001011001001001000001000000010110001100010
000000000000001011001001001000001000000010110001100100
000000000000001011001001001000001000000110010001000011
000000000000001011001001001000001000000110010001000101
000000000000001011001001001000001000000110010001000110
000000000000001011001001001000001000000110100001000011
000000000000001011001001001000001000000110100001000101
000000000000001011001001001000001000000110100001000110
000000000000001011001001001000001000001000011001010010
000000000000001011001001001000001000001000011001010100
000000000000001011001001001000001000001000101001010010
000000000000001011001001001000001000001000101001010100
000000000000001011001001001000001000001000110001010010
000000000000001011001001001000001000001000110001010100
000000000000001011001001001000001000001010001001010010
000000000000001011001001001000001000001010001001010100
000000000000001011001001001000001000001010001001100010
000000000000001011001001001000001000001010001001100100
000000000000001011001001001000001000001010010001010100
000000000000001011001001001000001000001010010001100100
000000000000001011001001001000001000001010100001010100
000000000000001011001001001000001000001010100001100100
000000000000001011001001001000001011001000000011000100
000000000000001011001001001000001011001000000110000010
000000000000001011001001001000001011001000000110000100
000000000000001011001001001000001101001000000011000010
000000000000001011001001001000001101001000000011000100
000000000000001011001001001000001101001000000110000010
000000000000001011001001001000001101001000000110000100
000000000000001011001001001000001110001000000011000010
000000000000001011001001001000001110001000000011000100
000000000000001011001001001000001110001000000110000010
000000000000001011001001001000001110001000000110000100
000000000000001011001001001001000000001001001010000110
000000000000001011001001001001000000001001010010000110
000000000000001011001001001001000000001001100010000110
000000000000001011001001001001000000010000011010001010
000000000000001011001001001001000000010000011010001100
000000000000001011001001001001000000010000011100001010
000000000000001011001001001001000000010000011100001100
000000000000001011001001001001000000010000101010001010
000000000000001011001001001001000000010000101010001100
000000000000001011001001001001000000010000101100001010
000000000000001011001001001001000000010000101100001100
000000000000001011001001001001000000010000110010001001
000000000000001011001001001001000000010000110010001010
000000000000001011001001001001000000010000110010001100
000000000000001011001001001001000000010000110100001001
000000000000001011001001001001000000010000110100001010
000000000000001011001001001001000000010000110100001100
000000000000001011001001100000001000000010011001010001
000000000000001011001001100000001000000010011001010100
000000000000001011001001100000001000000010011001100001
000000000000001011001001100000001000000010011001100100
000000000000001011001001100000001000000010101001010001
000000000000001011001001100000001000000010101001010010
000000000000001011001001100000001000000010101001010100
000000000000001011001001100000001000000010101001100001
000000000000001011001001100000001000000010101001100010
000000000000001011001001100000001000000010101001100100
000000000000001011001001100000001000000110001001000011
000000000000001011001001100000001000000110001001000101
000000000000001011001001100000001000000110001001000110
000000000000001011001001100000001000001000011001010001
000000000000001011001001100000001000001000011001010100
000000000000001011001001100000001000001000101001010001
000000000000001011001001100000001000001000101001010010
000000000000001011001001100000001000001000101001010100
000000000000001011001001100000001011001000000110000001
000000000000001011001001100000001101001000000110000001
000000000000001011001001100000001101001000000110000010
000000000000001011001001100001000000001001001010000011
000000000000001011001001100001000000001001001010000101
000000000000001011001001100001000000010000011010001001
000000000000001011001001100001000000010000011010001100
000000000000001011001001100001000000010000011100001001
000000000000001011001001100001000000010000011100001100
000000000000001011001001100001000000010000101010001001
000000000000001011001001100001000000010000101010001010
000000000000001011001001100001000000010000101100001001
000000000000001011001001100001000000010000101100001010
000000000000001011001010100000001100000010001001100100
000000000000001011001010100000001100001000011001010000
000000000000001011001010100000001100001000101001010000
000000000000001011001010100000010000001100100010001100
000000000000001011001010100000010001001000100001001100
000000000000001011001010100000010001001000100010001100
000000000001001001001001001000000001000110010001010010
000000000001001001001001001000000001000110010001010100
000000000001001001001001001000001001000010110001010000
000000000001001001001001001000001001000010110001100000
000000000001001001001001010000001000000010011001010001
000000000001001001001001010000001000000010011001100001
000000000001001001001001010000001000000010101001010001
000000000001001001001001010000001000000010101001010100
000000000001001001001001010000001000000010101001100001
000000000001001001001001010000001000000010101001100100
000000001000000001001001010000001001001010010001010100
000000001000000001001001010000001001001010010001100100
000000001000000001001001010000001001001010100001010100
000000001000000001001001010000001001001010100001100100
000000001000001001000011010000000001001000110011001000
000000001000001001000011010000000001001000110110001000
000000001000001001000011010000000001001001010011000100
000000001000001001000011010000000001001001010110000100
000000001000001001000011010000000001001001100011000010
000000001000001001000011010000000001001001100011000100
000000001000001001000011010000000001001001100110000010
000000001000001001000011010000000001001001100110000100
000000001000001001000011010000001000001010001011100000
000000001000001001000011010000001000001010001110100000
000000001000001001000011010000001000001100001011010000
000000001000001001000011010000001000001100001011100000
000000001000001001000011010000001000001100001110010000
000000001000001001000011010000001000001100001110100000
000000001000001001000011010000001000001110000011000001
000000001000001001000011010000001000001110000110000001
000000001000001001000110010000000001001000110011001000
000000001000001001000110010000000001001000110110001000
000000001000001001000110010000000001001001010001001100
000000001000001001000110010000000001001001010010001100
000000001000001001000110010000000001001001010011000100
000000001000001001000110010000000001001001010110000100
000000001000001001000110010000000001001001100001001100
000000001000001001000110010000000001001001100010001100
000000001000001001000110010000000001001001100011000010
000000001000001001000110010000000001001001100011000100
000000001000001001000110010000000001001001100011001000
000000001000001001000110010000000001001001100110000010
000000001000001001000110010000000001001001100110000100
000000001000001001000110010000000001001001100110001000
000000001000001001000110010000001000001001001011010000
000000001000001001000110010000001000001001001110010000
000000001000001001000110010000001000001010001011100000
000000001000001001000110010000001000001010001110100000
000000001000001001000110010000001000001011000011000001
000000001000001001000110010000001000001011000110000001
000000001000001001000110010000001000001110000011000001
000000001000001001000110010000001000001110000110000001
000000001000001001001010010000000001001001010001001100
000000001000001001001010010000000001001001100001001100
000000001000001001001010010000001000001001001110100000
000000001000001001001010010001000000001001001010001010
000000001000001001001010010001000000001001001010001100
000000001000001001001010010001001000001001000010100001
000000001000001010001000100000001100001001001001010010
000000001000001010001001001000001000001010001001010010
000000001000001010001001001000001000001010001001010100
000000001000001010001001001000001000001010001001100010
000000001000001010001001001000001000001010001001100100
000000001000001010001001001001000000001001001010000110
000000001000001010001001001001010000001010001010001000
000000001000001010001001001001010000001100001010001000
000000001000001010001001010000001000001010001001010001
000000001000001010001001010000001000001010001001100001
000000001000001010001001010001000000001001001010000101
000000001000001010001001010001000001001000001010001100
000000001000001010001001100000001000001010001001010001
000000001000001010001001100000001000001010001001100001
000000001000001010001001100001000000001001001010000011
000000001000001010001001100001000000001001001010000101
000000001000001010001001100001000000001001001010000110
000000001000001010001001100001000001001000001010001100
000000001000001010001010010000001000001001001001010001
000000001000001010001010010000001000001001001001100001
000000001000001010001010010000001000001010001001100001
000000001000001010001010010000001000001100001001100001
000000001000001010001010010001000001001000001010001100
000000001000001010001010100000001000001001001001010001
000000001000001010001010100000001000001001001001100001
000000001000001010001010100000001000001010001001100001
000000001000001010001010100000001000001100001001100001
000000001000001010001010100001000000001001001010001100
000000001000001010001010100001000001001000001010001010
000000001000001010001010100001000001001000001010001100
000000001000001011001001000001000000001001001010000110
000000001000001110001001000000000001001001001001010010
000000001000001110001001000000001000001010001001010001
000000001000001110001001000000001000001010001001100001
000000001000001110001001000001000000001001001010000110
000000001000001110001001000001000001001000001010001010
000000001000001110001010000000010000001001001001010001
000000001000001110001010000000010000001001001001100001
000000001000001110001010000000010000001010001001100001
000000001000001110001010000000010000001100001001100001
000000001000001110001010000000010010001000001001001001
000000001000001110001010000001000001001000001010010010
000000001000011010001001000000001000001010001001100001
000000001000011010001001000000001000001100001001100001
000000001000011010001001000001000001001000001010001100
000000001000011010001001010001000001001000001010000100
000000001000011010001001100001000001001000001010000010
000000001000011010001001100001000001001000001010000100
000000001001001010001010100000001100000010010001000001
