000000001000001011001011000000010110001000001011010000
000000001000001011001110000000010110001000001011010000
000000001000001110001011000000010011001000001011010000
000000001000001110001011000000010011001000001110010000
000000001000001110001011000000010110001000001011010000
000000001000001110001110000000010011001000001011010000
000000001000001110001110000000010011001000001110010000
000000001000001110001110000000010110001000001011010000
000000001000011010001001100000110001001001000011000010
000000001000011010001001100000110001001001000110000010
000000001000011010001100010000100101001000001011100000
000000001000011010001100010000100101001000001110100000
000000001000011010001100010001000001010100001010100100
000000001000011010001100010001000001010100001100100100
000000001000011010001100010001000001010100100010100100
000000001000011010001100010001000001010100100100100100
000000001000011010001100100000011001001100000011000010
000000001000011010001100100000011001001100000110000010
000000001000011010001100100000100011001000001011100000
000000001000011010001100100000100011001000001110100000
000000001000011010001100100000101001001100000011000010
000000001000011010001100100000101001001100000110000010
000000001000011010001100100001000001010100001010100010
000000001000011010001100100001000001010100001010100100
000000001000011010001100100001000001010100001100100010
000000001000011010001100100001000001010100001100100100
000000001001001010010110000001000001010001001100001100
000001001000010010001001010000010101001000010011010000
000001001000010010001001100000110001001001000011000001
000001001000010110001010000000001001001001010001100001
000001001000010110001010000001000001001001010010001001
000001001000010110001010000001001000001100001010001001
000001001000010110001100000000001001001001010001100001
000001001000010110001100000001000001001001010010001001
000001001000010110001100000001001000001010001010001001
000001001000010110001100000001001000001100001010001001
000001001001000010010010100000010001001001100010100010
000001001001000010010110000000001010001001100001010001
000001001001000010010110000001000001001001100010001010
000001001001000010010110000001000001001001100100001010
000001001001000010010110000001000001010001010100001100
000001001001000010010110000001001000001010001100001010
