000000001000001010001010100000001100001010010001100001
000000001000001010001010100001000001001010010010001100
000000001000001010001010100001010000001100001010001100
000000001000011010001001100000000001001001100011000010
000000001000011010001001100000000001001001100110000010
000000001000011010001001100000000010000110001001001100
000000001000011010001001100000000010001010001010010100
000000001000011010001001100000000100001001010001010001
000000001000011010001001100000000100001001010001100001
000000001000011010001001100000000100001010001010001010
000000001000011010001001100000000100001100001010001010
000000001000011010001001100000001010000010100001010001
000000001000011010001001100000001010000010100001100001
000000001000011010001001100000001010000100100001010001
000000001000011010001001100000001010000100100001100001
000000001000011010001001100000010100000100010001010001
000000001000011010001001100001000001001001010010000100
000000001000011010001001100001000001010000100010001010
000000001000011010001001100001000001010000100100001010
000000001000011010001001100001001000001010001010000100
000000001000011010001001100001001000001100001010000100
000000001000011010001001100001010000001010001010000010
000000001000011010001100100000000001001100100110000010
000000001000011010001100100000000010000011001001100100
000000001000011010001100100000000010001001001010001100
000000001000011010001100100000000100001001001010100010
000000001000011010001100100000001010000010100001010001
000000001000011010001100100000001100000100010001001001
000000001000011010001100100000001100000100010001010001
000000001000011010001100100000100001001000010001100100
000000001000011010001100100000100100001000001011100000
000000001000011010001100100000100100001000001110100000
000000001000011010001100100001000001010000100010100010
000000001000011010001100100001000001010000100100100010
000000001000011010001100100001001000001001001010000010
000000001000011010001100100001001001001100000010000100
000000001000011010001100100001100000001100001010000100
000000001001001001001010010000001110000010001001100000
000000001001001001001010010000001110001000000010010001
000000001001001001010010010000001110001010000010000001
000000001001001010001010100000001100000101010001000001
000000001001001010010010100000001010010000100010001001
000001001000010010001001100000001010001000001011000100
000001001000010010001001100000001010001000001110000100
000001001000010010001001100000010010001000100001010001
000001001000010010001100100000001001001000100001001010
